0 0 0 0 3 5 8 7 1 2 6 4 
0 1 0 8 3 5 0 7 1 2 6 4 
0 1 0 8 3 5 2 7 1 0 6 4 
0 3 0 8 3 0 2 7 1 5 6 4 
0 3 0 8 3 7 2 0 1 5 6 4 
0 1 0 8 3 7 2 1 0 5 6 4 
0 1 0 8 3 7 2 1 4 5 6 0 
0 3 0 0 3 7 2 1 4 5 6 8 
0 3 0 1 3 7 2 0 4 5 6 8 
0 1 0 1 3 7 2 4 0 5 6 8 
0 1 0 1 3 7 2 4 8 5 6 0 
0 3 0 1 3 7 2 0 8 5 6 4 
0 1 0 1 0 7 2 3 8 5 6 4 
0 1 0 0 1 7 2 3 8 5 6 4 
0 2 0 5 1 7 2 3 8 0 6 4 
0 3 0 5 1 7 2 0 8 3 6 4 
0 1 0 5 0 7 2 1 8 3 6 4 
0 1 0 0 5 7 2 1 8 3 6 4 
0 3 0 4 5 7 2 1 8 3 6 0 
0 3 0 4 5 7 2 0 8 3 6 1 
0 1 0 4 0 7 2 5 8 3 6 1 
0 1 0 0 4 7 2 5 8 3 6 1 
0 3 0 1 4 7 2 5 8 3 6 0 
