12 0 12 3 4 2 6 1 0 7 5 
13 1 12 3 4 2 6 1 7 0 5 
12 2 10 3 4 2 6 1 7 5 0 
13 3 10 3 4 2 0 1 7 5 6 
16 6 10 3 4 2 5 1 7 0 6 
15 7 8 3 4 2 5 1 7 6 0 
20 10 10 3 4 0 5 1 7 6 2 
19 11 8 3 4 5 0 1 7 6 2 
23 13 10 0 4 5 3 1 7 6 2 
23 14 9 1 4 5 3 0 7 6 2 
21 16 5 1 4 5 3 2 7 6 0 
24 17 7 1 4 5 3 2 7 0 6 
26 18 8 1 4 5 3 2 0 7 6 
26 19 7 1 0 5 3 2 4 7 6 
28 20 8 1 5 0 3 2 4 7 6 
27 21 6 1 5 3 0 2 4 7 6 
28 24 4 1 5 3 7 2 4 0 6 
27 25 2 1 5 3 7 2 4 6 0 
33 28 5 1 5 0 7 2 4 6 3 
33 29 4 1 0 5 7 2 4 6 3 
35 30 5 0 1 5 7 2 4 6 3 
35 33 2 3 1 5 7 2 4 6 0 
41 35 6 3 1 5 7 0 4 6 2 
44 38 6 3 0 5 7 1 4 6 2 
44 39 5 0 3 5 7 1 4 6 2 
44 40 4 1 3 5 7 0 4 6 2 
42 42 0 1 3 5 7 2 4 6 0 
