7 0 7 3 4 2 6 1 0 7 5 
8 1 7 3 4 2 6 0 1 7 5 
8 3 5 3 4 2 6 5 1 7 0 
12 6 6 0 4 2 6 5 1 7 3 
14 9 5 1 4 2 6 5 0 7 3 
15 10 5 1 0 2 6 5 4 7 3 
15 11 4 1 2 0 6 5 4 7 3 
16 12 4 1 2 6 0 5 4 7 3 
16 13 3 1 2 6 3 5 4 7 0 
20 16 4 1 2 0 3 5 4 7 6 
20 17 3 1 2 3 0 5 4 7 6 
24 20 4 1 2 3 7 5 4 0 6 
24 21 3 1 2 3 7 5 4 6 0 
27 23 4 1 2 3 7 0 4 6 5 
29 26 3 1 0 3 7 2 4 6 5 
29 27 2 1 3 0 7 2 4 6 5 
31 28 3 1 3 7 0 2 4 6 5 
31 29 2 1 3 7 5 2 4 6 0 
35 32 3 1 3 0 5 2 4 6 7 
35 33 2 1 3 5 0 2 4 6 7 
34 34 0 1 3 5 7 2 4 6 0 
