0 0 0 7 6 2 8 0 1 3 5 4 
0 1 0 7 0 2 8 6 1 3 5 4 
0 1 0 0 7 2 8 6 1 3 5 4 
0 2 0 2 7 0 8 6 1 3 5 4 
0 2 0 2 7 4 8 6 1 3 5 0 
0 3 0 2 7 4 8 0 1 3 5 6 
0 1 0 2 7 4 0 8 1 3 5 6 
0 1 0 0 7 4 2 8 1 3 5 6 
0 2 0 4 7 0 2 8 1 3 5 6 
0 1 0 4 0 7 2 8 1 3 5 6 
0 1 0 0 4 7 2 8 1 3 5 6 
0 3 0 6 4 7 2 8 1 3 5 0 
0 1 0 6 4 7 2 8 0 3 5 1 
0 1 0 6 4 7 2 0 8 3 5 1 
0 1 0 6 4 7 2 5 8 3 0 1 
0 1 0 6 4 7 2 5 8 0 3 1 
0 2 0 0 4 7 2 5 8 6 3 1 
0 3 0 1 4 7 2 5 8 6 3 0 
0 2 0 1 4 7 2 5 8 0 3 6 
0 1 0 1 4 7 2 5 8 3 0 6 
0 1 0 1 4 7 2 5 8 3 6 0 
