0 0 0 4 5 0 7 8 6 2 3 1 
0 2 0 0 5 4 7 8 6 2 3 1 
0 3 0 1 5 4 7 8 6 2 3 0 
0 1 0 1 5 4 7 8 6 2 0 3 
0 1 0 1 5 4 7 0 6 2 8 3 
0 1 0 1 0 4 7 5 6 2 8 3 
0 1 0 1 4 0 7 5 6 2 8 3 
0 2 0 1 4 3 7 5 6 2 8 0 
0 3 0 0 4 3 7 5 6 2 8 1 
0 2 0 2 4 3 7 5 6 0 8 1 
0 1 0 2 4 3 0 5 6 7 8 1 
0 1 0 0 4 3 2 5 6 7 8 1 
0 3 0 1 4 3 2 5 6 7 8 0 
0 2 0 1 4 3 2 5 6 0 8 7 
0 3 0 1 4 0 2 5 6 3 8 7 
0 2 0 1 4 7 2 5 6 3 8 0 
0 1 0 1 4 7 2 5 6 3 0 8 
0 1 0 1 4 7 2 0 6 3 5 8 
0 1 0 1 4 7 2 6 0 3 5 8 
0 1 0 1 4 7 2 6 8 3 5 0 
0 3 0 1 4 7 2 0 8 3 5 6 
0 1 0 1 4 7 2 5 8 3 0 6 
0 1 0 1 4 7 2 5 8 3 6 0 
