7 0 7 0 7 5 6 4 2 3 1 
8 3 5 1 7 5 6 4 2 3 0 
11 5 6 1 7 5 6 0 2 3 4 
11 6 5 1 7 5 6 2 0 3 4 
12 7 5 1 7 5 6 2 3 0 4 
12 8 4 1 7 5 6 2 3 4 0 
14 9 5 1 7 5 0 2 3 4 6 
17 12 5 1 7 5 4 2 3 0 6 
16 13 3 1 7 5 4 2 3 6 0 
21 16 5 1 7 0 4 2 3 6 5 
22 17 5 1 0 7 4 2 3 6 5 
22 18 4 1 3 7 4 2 0 6 5 
24 19 5 1 3 7 4 2 6 0 5 
24 20 4 1 3 0 4 2 6 7 5 
24 21 3 1 0 3 4 2 6 7 5 
26 22 4 0 1 3 4 2 6 7 5 
27 23 4 2 1 3 4 0 6 7 5 
30 26 4 2 0 3 4 1 6 7 5 
30 27 3 0 2 3 4 1 6 7 5 
30 28 2 1 2 3 4 0 6 7 5 
30 30 0 1 2 3 4 5 6 7 0 
