12 0 12 0 7 5 6 4 2 3 1 
11 3 8 1 7 5 6 4 2 3 0 
12 4 8 1 7 5 0 4 2 3 6 
15 7 8 1 7 5 3 4 2 0 6 
14 8 6 1 7 5 3 4 2 6 0 
19 10 9 1 7 5 3 0 2 6 4 
19 11 8 1 7 5 3 2 0 6 4 
20 12 8 1 0 5 3 2 7 6 4 
22 13 9 1 5 0 3 2 7 6 4 
21 14 7 1 5 3 0 2 7 6 4 
21 15 6 1 5 3 4 2 7 6 0 
25 17 8 1 5 3 4 0 7 6 2 
26 20 6 1 0 3 4 5 7 6 2 
28 21 7 0 1 3 4 5 7 6 2 
28 24 4 2 1 3 4 5 7 6 0 
31 25 6 2 1 3 4 5 7 0 6 
32 26 6 2 1 3 4 5 0 7 6 
34 27 7 2 0 3 4 5 1 7 6 
34 28 6 0 2 3 4 5 1 7 6 
35 31 4 1 2 3 4 5 0 7 6 
37 32 5 1 2 3 4 0 5 7 6 
36 34 2 1 2 3 4 6 5 7 0 
43 37 6 0 2 3 4 6 5 7 1 
46 40 6 5 2 3 4 6 0 7 1 
46 41 5 5 2 3 4 0 6 7 1 
46 42 4 0 2 3 4 5 6 7 1 
45 45 0 1 2 3 4 5 6 7 0 
