6 0 6 6 7 1 3 2 4 0 5 
6 1 5 6 7 1 3 2 4 5 0 
8 2 6 6 7 1 0 2 4 5 3 
9 3 6 6 7 0 1 2 4 5 3 
9 4 5 6 7 5 1 2 4 0 3 
9 5 4 6 7 5 1 2 4 3 0 
13 8 5 0 7 5 1 2 4 3 6 
14 10 4 1 7 5 0 2 4 3 6 
17 13 4 1 7 5 3 2 4 0 6 
16 14 2 1 7 5 3 2 4 6 0 
18 15 3 1 7 5 0 2 4 6 3 
20 16 4 1 7 0 5 2 4 6 3 
21 17 4 1 0 7 5 2 4 6 3 
23 18 5 0 1 7 5 2 4 6 3 
25 20 5 5 1 7 0 2 4 6 3 
25 21 4 5 1 0 7 2 4 6 3 
26 22 4 5 0 1 7 2 4 6 3 
27 23 4 0 5 1 7 2 4 6 3 
29 26 3 3 5 1 7 2 4 6 0 
33 29 4 3 5 0 7 2 4 6 1 
33 30 3 3 0 5 7 2 4 6 1 
33 31 2 0 3 5 7 2 4 6 1 
34 34 0 1 3 5 7 2 4 6 0 
