0 0 0 0 1 2 8 7 5 4 3 6 
0 1 0 1 0 2 8 7 5 4 3 6 
0 1 0 1 2 0 8 7 5 4 3 6 
0 1 0 1 2 5 8 7 0 4 3 6 
0 1 0 1 2 5 8 7 6 4 3 0 
0 2 0 1 2 5 8 7 6 0 3 4 
0 3 0 1 2 5 8 0 6 7 3 4 
0 1 0 1 2 5 8 3 6 7 0 4 
0 1 0 1 2 5 8 3 6 7 4 0 
0 2 0 1 2 0 8 3 6 7 4 5 
0 3 0 1 2 3 8 0 6 7 4 5 
0 1 0 1 2 3 8 4 6 7 0 5 
0 1 0 1 2 3 8 4 6 0 7 5 
0 1 0 1 2 3 0 4 6 8 7 5 
0 1 0 1 2 3 4 0 6 8 7 5 
0 1 0 1 2 3 4 7 6 8 0 5 
0 1 0 1 2 3 4 7 6 0 8 5 
0 3 0 1 2 3 4 0 6 7 8 5 
0 1 0 1 2 3 4 6 0 7 8 5 
0 1 0 1 2 3 4 6 5 7 8 0 
0 3 0 1 2 3 4 0 5 7 8 6 
0 1 0 1 2 3 4 5 0 7 8 6 
0 1 0 1 2 3 4 5 6 7 8 0 
