0 0 0 4 1 6 0 2 7 5 3 
0 3 0 4 1 6 5 2 7 0 3 
0 1 0 4 1 0 5 2 7 6 3 
0 1 0 4 1 5 0 2 7 6 3 
0 2 0 0 1 5 4 2 7 6 3 
0 1 0 1 0 5 4 2 7 6 3 
0 1 0 1 7 5 4 2 0 6 3 
0 1 0 1 7 5 4 2 6 0 3 
0 1 0 1 7 5 4 2 6 3 0 
0 3 0 1 7 0 4 2 6 3 5 
0 1 0 1 7 3 4 2 6 0 5 
0 1 0 1 7 3 4 2 6 5 0 
0 1 0 1 7 3 0 2 6 5 4 
0 3 0 1 7 3 5 2 6 0 4 
0 1 0 1 7 3 5 2 0 6 4 
0 1 0 1 0 3 5 2 7 6 4 
0 1 0 1 3 0 5 2 7 6 4 
0 1 0 1 3 5 0 2 7 6 4 
0 1 0 1 3 5 4 2 7 6 0 
0 1 0 1 3 5 4 2 7 0 6 
0 1 0 1 3 5 4 2 0 7 6 
0 1 0 1 3 5 4 0 2 7 6 
0 3 0 1 3 5 0 4 2 7 6 
0 3 0 1 3 5 7 4 2 0 6 
0 1 0 1 3 5 7 4 2 6 0 
0 3 0 0 3 5 7 4 2 6 1 
0 3 0 2 3 5 7 4 0 6 1 
0 1 0 2 3 5 7 0 4 6 1 
0 1 0 0 3 5 7 2 4 6 1 
0 3 0 1 3 5 7 2 4 6 0 
