0 0 0 4 1 6 0 2 7 5 3 
0 1 0 4 1 0 6 2 7 5 3 
0 1 0 4 1 5 6 2 7 0 3 
0 1 0 4 1 5 6 2 7 3 0 
0 3 0 0 1 5 6 2 7 3 4 
0 1 0 1 0 5 6 2 7 3 4 
0 1 0 1 7 5 6 2 0 3 4 
0 1 0 1 7 5 6 2 3 0 4 
0 1 0 1 7 5 6 2 3 4 0 
0 1 0 1 7 5 0 2 3 4 6 
0 3 0 1 7 5 4 2 3 0 6 
0 1 0 1 7 5 4 2 3 6 0 
0 3 0 1 7 0 4 2 3 6 5 
0 1 0 1 0 7 4 2 3 6 5 
0 1 0 1 3 7 4 2 0 6 5 
0 1 0 1 3 7 4 2 6 0 5 
0 1 0 1 3 0 4 2 6 7 5 
0 1 0 1 0 3 4 2 6 7 5 
0 1 0 0 1 3 4 2 6 7 5 
0 1 0 2 1 3 4 0 6 7 5 
0 3 0 2 0 3 4 1 6 7 5 
0 1 0 0 2 3 4 1 6 7 5 
0 1 0 1 2 3 4 0 6 7 5 
0 2 0 1 2 3 4 5 6 7 0 
