0 0 0 1 8 0 4 2 3 7 6 5 
0 1 0 1 8 3 4 2 0 7 6 5 
0 1 0 1 8 3 4 2 5 7 6 0 
0 1 0 1 8 3 4 2 5 7 0 6 
0 1 0 1 8 3 4 0 5 7 2 6 
0 1 0 1 8 3 4 5 0 7 2 6 
0 1 0 1 8 3 4 5 6 7 2 0 
0 2 0 1 8 0 4 5 6 7 2 3 
0 1 0 1 0 8 4 5 6 7 2 3 
0 1 0 0 1 8 4 5 6 7 2 3 
0 2 0 8 1 0 4 5 6 7 2 3 
0 2 0 8 1 3 4 5 6 7 2 0 
0 3 0 0 1 3 4 5 6 7 2 8 
0 1 0 1 0 3 4 5 6 7 2 8 
0 1 0 1 5 3 4 0 6 7 2 8 
0 1 0 1 5 3 4 2 6 7 0 8 
0 1 0 1 5 3 4 2 6 7 8 0 
0 2 0 1 5 0 4 2 6 7 8 3 
0 3 0 1 5 2 4 0 6 7 8 3 
0 1 0 1 0 2 4 5 6 7 8 3 
0 1 0 1 2 0 4 5 6 7 8 3 
0 2 0 1 2 3 4 5 6 7 8 0 
