0 0 0 1 0 4 8 7 6 5 2 3 
0 1 0 1 4 0 8 7 6 5 2 3 
0 2 0 1 4 3 8 7 6 5 2 0 
0 1 0 1 4 3 8 7 6 5 0 2 
0 1 0 1 4 3 8 7 6 0 5 2 
0 3 0 1 4 3 8 0 6 7 5 2 
0 1 0 1 4 3 0 8 6 7 5 2 
0 1 0 0 4 3 1 8 6 7 5 2 
0 3 0 2 4 3 1 8 6 7 5 0 
0 1 0 2 4 3 1 8 6 7 0 5 
0 1 0 2 4 3 1 0 6 7 8 5 
0 1 0 2 0 3 1 4 6 7 8 5 
0 1 0 0 2 3 1 4 6 7 8 5 
0 1 0 1 2 3 0 4 6 7 8 5 
0 1 0 1 2 3 4 0 6 7 8 5 
0 1 0 1 2 3 4 6 0 7 8 5 
0 1 0 1 2 3 4 6 5 7 8 0 
0 3 0 1 2 3 4 0 5 7 8 6 
0 1 0 1 2 3 4 5 0 7 8 6 
0 1 0 1 2 3 4 5 6 7 8 0 
