0 0 0 7 3 8 0 6 4 1 2 5 
0 1 0 0 3 8 7 6 4 1 2 5 
0 2 0 1 3 8 7 6 4 0 2 5 
0 1 0 1 3 8 7 6 4 2 0 5 
0 1 0 1 3 8 7 6 4 2 5 0 
0 2 0 1 3 0 7 6 4 2 5 8 
0 3 0 1 3 2 7 6 4 0 5 8 
0 2 0 1 3 2 7 6 4 8 5 0 
0 1 0 1 3 2 7 6 0 8 5 4 
0 1 0 1 3 2 7 0 6 8 5 4 
0 1 0 1 3 2 7 5 6 8 0 4 
0 1 0 1 3 2 7 5 6 0 8 4 
0 1 0 1 3 2 0 5 6 7 8 4 
0 1 0 0 3 2 1 5 6 7 8 4 
0 2 0 2 3 0 1 5 6 7 8 4 
0 1 0 2 0 3 1 5 6 7 8 4 
0 1 0 0 2 3 1 5 6 7 8 4 
0 3 0 4 2 3 1 5 6 7 8 0 
0 2 0 4 2 3 1 5 6 0 8 7 
0 2 0 0 2 3 1 5 6 4 8 7 
0 1 0 1 2 3 0 5 6 4 8 7 
0 1 0 1 2 3 4 5 6 0 8 7 
0 2 0 1 2 3 4 5 6 7 8 0 
