8 0 8 1 5 7 6 4 2 3 0 
9 1 8 1 5 7 0 4 2 3 6 
10 2 8 1 5 0 7 4 2 3 6 
9 3 6 1 5 3 7 4 2 0 6 
8 4 4 1 5 3 7 4 2 6 0 
13 6 7 1 5 3 7 0 2 6 4 
13 7 6 1 5 3 7 2 0 6 4 
14 8 6 1 5 3 7 2 6 0 4 
13 9 4 1 5 3 7 2 6 4 0 
16 10 6 1 5 3 0 2 6 4 7 
19 13 6 1 5 3 4 2 6 0 7 
18 14 4 1 5 3 4 2 6 7 0 
22 16 6 1 5 3 4 0 6 7 2 
23 19 4 1 0 3 4 5 6 7 2 
25 20 5 0 1 3 4 5 6 7 2 
25 23 2 2 1 3 4 5 6 7 0 
31 25 6 2 1 3 4 0 6 7 5 
34 28 6 2 0 3 4 1 6 7 5 
34 29 5 0 2 3 4 1 6 7 5 
34 30 4 1 2 3 4 0 6 7 5 
32 32 0 1 2 3 4 5 6 7 0 
