7 0 7 5 7 2 0 6 4 3 1 
9 2 7 0 7 2 5 6 4 3 1 
10 5 5 1 7 2 5 6 4 3 0 
12 6 6 1 7 2 5 6 4 0 3 
13 7 6 1 7 0 5 6 4 2 3 
13 8 5 1 7 5 0 6 4 2 3 
16 11 5 1 7 5 2 6 4 0 3 
16 12 4 1 7 5 2 6 4 3 0 
19 14 5 1 7 5 2 0 4 3 6 
21 17 4 1 7 5 0 2 4 3 6 
24 20 4 1 7 5 3 2 4 0 6 
23 21 2 1 7 5 3 2 4 6 0 
25 22 3 1 7 5 0 2 4 6 3 
27 23 4 1 7 0 5 2 4 6 3 
28 24 4 1 0 7 5 2 4 6 3 
30 25 5 0 1 7 5 2 4 6 3 
32 27 5 5 1 7 0 2 4 6 3 
32 28 4 5 1 0 7 2 4 6 3 
33 29 4 5 0 1 7 2 4 6 3 
34 30 4 0 5 1 7 2 4 6 3 
36 33 3 3 5 1 7 2 4 6 0 
40 36 4 3 5 0 7 2 4 6 1 
40 37 3 3 0 5 7 2 4 6 1 
40 38 2 0 3 5 7 2 4 6 1 
41 41 0 1 3 5 7 2 4 6 0 
