11 0 11 5 7 2 0 6 4 3 1 
14 3 11 5 7 2 3 6 4 0 1 
16 4 12 5 7 2 3 6 0 4 1 
16 5 11 5 7 2 3 0 6 4 1 
16 6 10 0 7 2 3 5 6 4 1 
15 9 6 1 7 2 3 5 6 4 0 
18 10 8 1 7 2 0 5 6 4 3 
19 13 6 1 7 2 4 5 6 0 3 
18 14 4 1 7 2 4 5 6 3 0 
24 17 7 1 7 0 4 5 6 3 2 
24 18 6 1 0 7 4 5 6 3 2 
26 19 7 0 1 7 4 5 6 3 2 
26 22 4 2 1 7 4 5 6 3 0 
31 25 6 2 1 0 4 5 6 3 7 
30 26 4 2 1 3 4 5 6 0 7 
29 27 2 2 1 3 4 5 6 7 0 
35 29 6 2 1 3 4 0 6 7 5 
38 32 6 2 0 3 4 1 6 7 5 
38 33 5 0 2 3 4 1 6 7 5 
38 34 4 1 2 3 4 0 6 7 5 
36 36 0 1 2 3 4 5 6 7 0 
