0 0 0 5 6 0 4 3 7 1 2 8 
0 3 0 5 6 3 4 0 7 1 2 8 
0 1 0 5 6 3 4 2 7 1 0 8 
0 1 0 5 6 3 4 2 7 1 8 0 
0 3 0 0 6 3 4 2 7 1 8 5 
0 2 0 1 6 3 4 2 7 0 8 5 
0 3 0 1 6 3 4 0 7 2 8 5 
0 1 0 1 6 3 4 7 0 2 8 5 
0 1 0 1 6 3 4 7 5 2 8 0 
0 2 0 1 6 3 4 7 5 0 8 2 
0 3 0 1 6 3 4 0 5 7 8 2 
0 1 0 1 0 3 4 6 5 7 8 2 
0 1 0 1 3 0 4 6 5 7 8 2 
0 2 0 1 3 2 4 6 5 7 8 0 
0 3 0 1 3 2 4 0 5 7 8 6 
0 1 0 1 3 2 4 5 0 7 8 6 
0 1 0 1 3 2 4 5 6 7 8 0 
0 3 0 0 3 2 4 5 6 7 8 1 
0 2 0 2 3 0 4 5 6 7 8 1 
0 1 0 2 0 3 4 5 6 7 8 1 
0 1 0 0 2 3 4 5 6 7 8 1 
0 3 0 1 2 3 4 5 6 7 8 0 
