0 0 0 8 6 4 1 5 3 0 2 7 
0 2 0 8 6 4 1 5 3 7 2 0 
0 3 0 0 6 4 1 5 3 7 2 8 
0 2 0 4 6 0 1 5 3 7 2 8 
0 1 0 4 6 3 1 5 0 7 2 8 
0 1 0 4 6 3 1 0 5 7 2 8 
0 1 0 4 6 3 1 2 5 7 0 8 
0 1 0 4 6 3 1 2 5 7 8 0 
0 3 0 0 6 3 1 2 5 7 8 4 
0 1 0 6 0 3 1 2 5 7 8 4 
0 1 0 6 2 3 1 0 5 7 8 4 
0 1 0 6 2 3 1 5 0 7 8 4 
0 1 0 6 2 3 1 5 4 7 8 0 
0 3 0 0 2 3 1 5 4 7 8 6 
0 1 0 1 2 3 0 5 4 7 8 6 
0 1 0 1 2 3 5 0 4 7 8 6 
0 1 0 1 2 3 5 4 0 7 8 6 
0 1 0 1 2 3 5 4 6 7 8 0 
0 1 0 1 2 3 5 4 6 7 0 8 
0 1 0 1 2 3 5 4 6 0 7 8 
0 3 0 1 2 3 5 0 6 4 7 8 
0 1 0 1 2 3 0 5 6 4 7 8 
0 1 0 1 2 3 4 5 6 0 7 8 
0 1 0 1 2 3 4 5 6 7 0 8 
0 1 0 1 2 3 4 5 6 7 8 0 
