6 0 6 1 0 4 6 2 5 3 7 
7 1 6 1 4 0 6 2 5 3 7 
8 2 6 1 4 6 0 2 5 3 7 
7 3 4 1 4 6 7 2 5 3 0 
9 4 5 1 4 6 7 2 5 0 3 
9 5 4 1 4 0 7 2 5 6 3 
10 6 4 1 0 4 7 2 5 6 3 
11 7 4 1 5 4 7 2 0 6 3 
13 8 5 1 5 4 7 0 2 6 3 
14 10 4 1 5 4 7 3 2 6 0 
18 13 5 1 5 0 7 3 2 6 4 
18 14 4 1 0 5 7 3 2 6 4 
19 15 4 1 2 5 7 3 0 6 4 
20 16 4 1 2 5 7 0 3 6 4 
22 19 3 1 0 5 7 2 3 6 4 
22 20 2 1 3 5 7 2 0 6 4 
24 21 3 1 3 5 7 0 2 6 4 
25 23 2 1 3 5 7 4 2 6 0 
30 26 4 0 3 5 7 4 2 6 1 
33 29 4 2 3 5 7 4 0 6 1 
33 30 3 2 3 5 7 0 4 6 1 
33 31 2 0 3 5 7 2 4 6 1 
34 34 0 1 3 5 7 2 4 6 0 
