12 0 12 6 7 0 3 1 2 5 4 
11 1 10 6 7 3 0 1 2 5 4 
10 2 8 6 7 3 4 1 2 5 0 
15 5 10 0 7 3 4 1 2 5 6 
15 6 9 1 7 3 4 0 2 5 6 
17 9 8 1 7 3 0 4 2 5 6 
20 12 8 1 7 3 5 4 2 0 6 
19 13 6 1 7 3 5 4 2 6 0 
22 14 8 1 7 3 0 4 2 6 5 
25 17 8 1 7 3 4 0 2 6 5 
28 20 8 1 0 3 4 7 2 6 5 
28 21 7 1 2 3 4 7 0 6 5 
27 22 5 1 2 3 4 7 6 0 5 
27 23 4 1 2 3 4 7 6 5 0 
30 25 5 1 2 3 4 0 6 5 7 
34 28 6 1 2 3 0 4 6 5 7 
37 31 6 1 2 3 5 4 6 0 7 
36 32 4 1 2 3 5 4 6 7 0 
38 33 5 1 2 3 0 4 6 7 5 
40 36 4 1 2 3 4 0 6 7 5 
38 38 0 1 2 3 4 5 6 7 0 
