0 0 0 0 6 3 1 5 2 8 7 4 
0 2 0 8 6 3 1 5 2 0 7 4 
0 1 0 8 6 3 1 5 2 7 0 4 
0 1 0 8 6 3 1 5 2 7 4 0 
0 3 0 0 6 3 1 5 2 7 4 8 
0 1 0 1 6 3 0 5 2 7 4 8 
0 1 0 1 6 3 5 0 2 7 4 8 
0 1 0 1 6 3 5 4 2 7 0 8 
0 1 0 1 6 3 5 4 2 7 8 0 
0 2 0 1 6 3 5 4 2 0 8 7 
0 1 0 1 6 3 0 4 2 5 8 7 
0 1 0 1 6 3 4 0 2 5 8 7 
0 1 0 1 6 3 4 2 0 5 8 7 
0 1 0 1 6 3 4 2 7 5 8 0 
0 3 0 1 6 3 4 0 7 5 8 2 
0 1 0 1 6 3 4 7 0 5 8 2 
0 1 0 1 6 3 4 7 2 5 8 0 
0 2 0 1 6 3 4 7 2 0 8 5 
0 3 0 1 6 3 4 0 2 7 8 5 
0 1 0 1 6 3 4 2 0 7 8 5 
0 1 0 1 6 0 4 2 3 7 8 5 
0 1 0 1 0 6 4 2 3 7 8 5 
0 1 0 1 2 6 4 0 3 7 8 5 
0 1 0 1 2 6 4 3 0 7 8 5 
0 1 0 1 2 0 4 3 6 7 8 5 
0 3 0 1 2 3 4 0 6 7 8 5 
0 1 0 1 2 3 4 6 0 7 8 5 
0 1 0 1 2 3 4 6 5 7 8 0 
0 3 0 1 2 3 4 0 5 7 8 6 
0 1 0 1 2 3 4 5 0 7 8 6 
0 1 0 1 2 3 4 5 6 7 8 0 
