8 0 8 0 7 1 5 6 2 4 3 
9 1 8 6 7 1 5 0 2 4 3 
9 2 7 6 7 1 5 2 0 4 3 
9 3 6 6 7 1 5 2 4 0 3 
10 4 6 6 7 0 5 2 4 1 3 
10 5 5 6 7 5 0 2 4 1 3 
13 8 5 6 7 5 1 2 4 0 3 
13 9 4 6 7 5 1 2 4 3 0 
17 12 5 0 7 5 1 2 4 3 6 
18 14 4 1 7 5 0 2 4 3 6 
21 17 4 1 7 5 3 2 4 0 6 
20 18 2 1 7 5 3 2 4 6 0 
22 19 3 1 7 5 0 2 4 6 3 
24 20 4 1 7 0 5 2 4 6 3 
25 21 4 1 0 7 5 2 4 6 3 
27 22 5 0 1 7 5 2 4 6 3 
29 24 5 5 1 7 0 2 4 6 3 
29 25 4 5 1 0 7 2 4 6 3 
30 26 4 5 0 1 7 2 4 6 3 
31 27 4 0 5 1 7 2 4 6 3 
33 30 3 3 5 1 7 2 4 6 0 
37 33 4 3 5 0 7 2 4 6 1 
37 34 3 3 0 5 7 2 4 6 1 
37 35 2 0 3 5 7 2 4 6 1 
38 38 0 1 3 5 7 2 4 6 0 
