0 0 0 3 6 4 8 1 5 2 0 7 
0 1 0 3 6 4 8 1 5 0 2 7 
0 2 0 0 6 4 8 1 5 3 2 7 
0 3 0 1 6 4 8 0 5 3 2 7 
0 1 0 1 0 4 8 6 5 3 2 7 
0 1 0 1 4 0 8 6 5 3 2 7 
0 2 0 1 4 7 8 6 5 3 2 0 
0 1 0 1 4 7 8 6 5 3 0 2 
0 1 0 1 4 7 8 0 5 3 6 2 
0 1 0 1 4 7 0 8 5 3 6 2 
0 1 0 0 4 7 1 8 5 3 6 2 
0 3 0 8 4 7 1 0 5 3 6 2 
0 1 0 8 4 7 1 5 0 3 6 2 
0 1 0 8 4 7 1 5 2 3 6 0 
0 3 0 0 4 7 1 5 2 3 6 8 
0 1 0 1 4 7 0 5 2 3 6 8 
0 1 0 1 4 7 5 0 2 3 6 8 
0 1 0 1 4 7 5 2 0 3 6 8 
0 1 0 1 4 7 5 2 8 3 6 0 
0 2 0 1 4 7 5 2 8 0 6 3 
0 3 0 1 4 7 5 0 8 2 6 3 
0 1 0 1 4 7 0 5 8 2 6 3 
0 1 0 1 4 7 2 5 8 0 6 3 
0 2 0 1 4 7 2 5 8 3 6 0 
