0 0 0 8 0 3 7 6 2 4 5 1 
0 1 0 0 8 3 7 6 2 4 5 1 
0 3 0 1 8 3 7 6 2 4 5 0 
0 1 0 1 8 3 7 6 0 4 5 2 
0 1 0 1 8 3 7 0 6 4 5 2 
0 1 0 1 0 3 7 8 6 4 5 2 
0 1 0 0 1 3 7 8 6 4 5 2 
0 3 0 2 1 3 7 8 6 4 5 0 
0 3 0 2 1 3 7 0 6 4 5 8 
0 1 0 2 1 3 7 5 6 4 0 8 
0 1 0 2 1 3 7 5 6 4 8 0 
0 3 0 0 1 3 7 5 6 4 8 2 
0 2 0 4 1 3 7 5 6 0 8 2 
0 1 0 4 1 3 0 5 6 7 8 2 
0 1 0 0 1 3 4 5 6 7 8 2 
0 3 0 2 1 3 4 5 6 7 8 0 
0 2 0 2 1 0 4 5 6 7 8 3 
0 2 0 0 1 2 4 5 6 7 8 3 
0 1 0 1 0 2 4 5 6 7 8 3 
0 1 0 1 2 0 4 5 6 7 8 3 
0 2 0 1 2 3 4 5 6 7 8 0 
