0 0 0 3 5 8 7 1 2 6 4 
8 1 8 3 5 0 7 1 2 6 4 
2 1 8 3 5 2 7 1 0 6 4 
5 3 8 3 0 2 7 1 5 6 4 
7 3 8 3 7 2 0 1 5 6 4 
1 1 8 3 7 2 1 0 5 6 4 
4 1 8 3 7 2 1 4 5 6 0 
8 3 0 3 7 2 1 4 5 6 8 
1 3 1 3 7 2 0 4 5 6 8 
4 1 1 3 7 2 4 0 5 6 8 
8 1 1 3 7 2 4 8 5 6 0 
4 3 1 3 7 2 0 8 5 6 4 
3 1 1 0 7 2 3 8 5 6 4 
1 1 0 1 7 2 3 8 5 6 4 
5 2 5 1 7 2 3 8 0 6 4 
3 3 5 1 7 2 0 8 3 6 4 
1 1 5 0 7 2 1 8 3 6 4 
5 1 0 5 7 2 1 8 3 6 4 
4 3 4 5 7 2 1 8 3 6 0 
1 3 4 5 7 2 0 8 3 6 1 
5 1 4 0 7 2 5 8 3 6 1 
4 1 0 4 7 2 5 8 3 6 1 
1 3 1 4 7 2 5 8 3 6 0 
41 0.03