0 0 3 4 2 6 1 0 7 5 
7 1 3 4 2 6 1 7 0 5 
5 1 3 4 2 6 1 7 5 0 
6 1 3 4 2 0 1 7 5 6 
5 3 3 4 2 5 1 7 0 6 
6 1 3 4 2 5 1 7 6 0 
2 3 3 4 0 5 1 7 6 2 
5 1 3 4 5 0 1 7 6 2 
3 2 0 4 5 3 1 7 6 2 
1 1 1 4 5 3 0 7 6 2 
2 2 1 4 5 3 2 7 6 0 
6 1 1 4 5 3 2 7 0 6 
7 1 1 4 5 3 2 0 7 6 
4 1 1 0 5 3 2 4 7 6 
5 1 1 5 0 3 2 4 7 6 
3 1 1 5 3 0 2 4 7 6 
7 3 1 5 3 7 2 4 0 6 
6 1 1 5 3 7 2 4 6 0 
3 3 1 5 0 7 2 4 6 3 
5 1 1 0 5 7 2 4 6 3 
1 1 0 1 5 7 2 4 6 3 
3 3 3 1 5 7 2 4 6 0 
2 2 3 1 5 7 0 4 6 2 
1 3 3 0 5 7 1 4 6 2 
3 1 0 3 5 7 1 4 6 2 
1 1 1 3 5 7 0 4 6 2 
2 2 1 3 5 7 2 4 6 0 
42 0.01