0 0 5 3 8 7 6 1 0 2 4 
7 1 5 3 8 0 6 1 7 2 4 
5 1 0 3 8 5 6 1 7 2 4 
8 2 8 3 0 5 6 1 7 2 4 
3 1 8 0 3 5 6 1 7 2 4 
8 1 0 8 3 5 6 1 7 2 4 
4 3 4 8 3 5 6 1 7 2 0 
1 1 4 8 3 5 6 0 7 2 1 
6 1 4 8 3 5 0 6 7 2 1 
5 1 4 8 3 0 5 6 7 2 1 
4 1 0 8 3 4 5 6 7 2 1 
8 1 8 0 3 4 5 6 7 2 1 
3 1 8 3 0 4 5 6 7 2 1 
8 2 0 3 8 4 5 6 7 2 1 
1 3 1 3 8 4 5 6 7 2 0 
8 2 1 3 0 4 5 6 7 2 8 
3 1 1 0 3 4 5 6 7 2 8 
5 1 1 5 3 4 0 6 7 2 8 
2 1 1 5 3 4 2 6 7 0 8 
8 1 1 5 3 4 2 6 7 8 0 
3 2 1 5 0 4 2 6 7 8 3 
2 3 1 5 2 4 0 6 7 8 3 
5 1 1 0 2 4 5 6 7 8 3 
2 1 1 2 0 4 5 6 7 8 3 
3 2 1 2 3 4 5 6 7 8 0 
35 0.07