0 0 0 1 2 8 7 5 4 3 6 
1 1 1 0 2 8 7 5 4 3 6 
2 1 1 2 0 8 7 5 4 3 6 
5 1 1 2 5 8 7 0 4 3 6 
6 1 1 2 5 8 7 6 4 3 0 
4 2 1 2 5 8 7 6 0 3 4 
7 3 1 2 5 8 0 6 7 3 4 
3 1 1 2 5 8 3 6 7 0 4 
4 1 1 2 5 8 3 6 7 4 0 
5 2 1 2 0 8 3 6 7 4 5 
3 3 1 2 3 8 0 6 7 4 5 
4 1 1 2 3 8 4 6 7 0 5 
7 1 1 2 3 8 4 6 0 7 5 
8 1 1 2 3 0 4 6 8 7 5 
4 1 1 2 3 4 0 6 8 7 5 
7 1 1 2 3 4 7 6 8 0 5 
8 1 1 2 3 4 7 6 0 8 5 
7 3 1 2 3 4 0 6 7 8 5 
6 1 1 2 3 4 6 0 7 8 5 
5 1 1 2 3 4 6 5 7 8 0 
6 3 1 2 3 4 0 5 7 8 6 
5 1 1 2 3 4 5 0 7 8 6 
6 1 1 2 3 4 5 6 7 8 0 
32 0.02