0 0 1 0 4 8 7 6 5 2 3 
4 1 1 4 0 8 7 6 5 2 3 
3 2 1 4 3 8 7 6 5 2 0 
5 2 1 4 3 8 7 6 0 2 5 
7 3 1 4 3 8 0 6 7 2 5 
2 1 1 4 3 8 2 6 7 0 5 
5 1 1 4 3 8 2 6 7 5 0 
2 3 1 4 3 8 0 6 7 5 2 
5 1 1 4 3 8 5 6 7 0 2 
2 1 1 4 3 8 5 6 7 2 0 
7 2 1 4 3 8 5 6 0 2 7 
3 3 1 4 0 8 5 6 3 2 7 
7 2 1 4 7 8 5 6 3 2 0 
6 1 1 4 7 8 5 0 3 2 6 
5 1 1 4 7 8 0 5 3 2 6 
2 1 1 4 7 8 2 5 3 0 6 
6 1 1 4 7 8 2 5 3 6 0 
3 2 1 4 7 8 2 5 0 6 3 
8 1 1 4 7 0 2 5 8 6 3 
2 1 1 4 7 2 0 5 8 6 3 
5 1 1 4 7 2 5 0 8 6 3 
7 1 1 4 0 2 5 7 8 6 3 
8 3 1 4 8 2 5 7 0 6 3 
3 2 1 4 8 2 5 7 3 6 0 
7 1 1 4 8 2 5 0 3 6 7 
8 1 1 4 0 2 5 8 3 6 7 
7 2 1 4 7 2 5 8 3 6 0 
41 0.04