0 0 7 3 8 0 6 4 1 2 5 
7 1 0 3 8 7 6 4 1 2 5 
1 2 1 3 8 7 6 4 0 2 5 
2 1 1 3 8 7 6 4 2 0 5 
5 1 1 3 8 7 6 4 2 5 0 
8 2 1 3 0 7 6 4 2 5 8 
2 3 1 3 2 7 6 4 0 5 8 
8 2 1 3 2 7 6 4 8 5 0 
4 1 1 3 2 7 6 0 8 5 4 
6 1 1 3 2 7 0 6 8 5 4 
5 1 1 3 2 7 5 6 8 0 4 
8 1 1 3 2 7 5 6 0 8 4 
7 1 1 3 2 0 5 6 7 8 4 
1 1 0 3 2 1 5 6 7 8 4 
2 2 2 3 0 1 5 6 7 8 4 
3 1 2 0 3 1 5 6 7 8 4 
2 1 0 2 3 1 5 6 7 8 4 
4 3 4 2 3 1 5 6 7 8 0 
7 2 4 2 3 1 5 6 0 8 7 
4 2 0 2 3 1 5 6 4 8 7 
1 1 1 2 3 0 5 6 4 8 7 
4 1 1 2 3 4 5 6 0 8 7 
7 2 1 2 3 4 5 6 7 8 0 
33 0.02