0 0 3 8 5 4 0 1 6 7 2 
1 1 3 8 5 4 1 0 6 7 2 
5 1 3 8 0 4 1 5 6 7 2 
3 2 0 8 3 4 1 5 6 7 2 
1 3 1 8 3 4 0 5 6 7 2 
5 1 1 8 3 4 5 0 6 7 2 
2 1 1 8 3 4 5 2 6 7 0 
6 2 1 8 3 4 5 2 0 7 6 
7 1 1 8 3 4 5 2 7 0 6 
5 1 1 8 3 4 0 2 7 5 6 
2 1 1 8 3 4 2 0 7 5 6 
6 1 1 8 3 4 2 6 7 5 0 
3 2 1 8 0 4 2 6 7 5 3 
8 1 1 0 8 4 2 6 7 5 3 
2 1 1 2 8 4 0 6 7 5 3 
5 1 1 2 8 4 5 6 7 0 3 
7 1 1 2 8 4 5 6 0 7 3 
8 3 1 2 0 4 5 6 8 7 3 
3 2 1 2 3 4 5 6 8 7 0 
7 1 1 2 3 4 5 6 8 0 7 
8 1 1 2 3 4 5 6 0 8 7 
7 2 1 2 3 4 5 6 7 8 0 
30 0.03