0 0 8 6 4 1 5 3 0 2 7 
7 2 8 6 4 1 5 3 7 2 0 
8 3 0 6 4 1 5 3 7 2 8 
4 2 4 6 0 1 5 3 7 2 8 
3 1 4 6 3 1 5 0 7 2 8 
5 1 4 6 3 1 0 5 7 2 8 
2 1 4 6 3 1 2 5 7 0 8 
8 1 4 6 3 1 2 5 7 8 0 
4 3 0 6 3 1 2 5 7 8 4 
6 1 6 0 3 1 2 5 7 8 4 
2 1 6 2 3 1 0 5 7 8 4 
5 1 6 2 3 1 5 0 7 8 4 
4 1 6 2 3 1 5 4 7 8 0 
6 3 0 2 3 1 5 4 7 8 6 
1 1 1 2 3 0 5 4 7 8 6 
5 1 1 2 3 5 0 4 7 8 6 
4 1 1 2 3 5 4 0 7 8 6 
6 1 1 2 3 5 4 6 7 8 0 
8 1 1 2 3 5 4 6 7 0 8 
7 1 1 2 3 5 4 6 0 7 8 
4 3 1 2 3 5 0 6 4 7 8 
5 1 1 2 3 0 5 6 4 7 8 
4 1 1 2 3 4 5 6 0 7 8 
7 1 1 2 3 4 5 6 7 0 8 
8 1 1 2 3 4 5 6 7 8 0 
34 0.04