0 0 3 5 8 6 7 0 4 2 1 
8 1 3 5 0 6 7 8 4 2 1 
7 3 3 5 7 6 0 8 4 2 1 
6 1 3 5 7 0 6 8 4 2 1 
3 1 0 5 7 3 6 8 4 2 1 
1 3 1 5 7 3 6 8 4 2 0 
2 1 1 5 7 3 6 8 4 0 2 
6 1 1 5 7 3 0 8 4 6 2 
5 1 1 0 7 3 5 8 4 6 2 
7 1 1 7 0 3 5 8 4 6 2 
4 3 1 7 4 3 5 8 0 6 2 
3 1 1 7 4 0 5 8 3 6 2 
1 1 0 7 4 1 5 8 3 6 2 
4 2 4 7 0 1 5 8 3 6 2 
7 1 4 0 7 1 5 8 3 6 2 
4 1 0 4 7 1 5 8 3 6 2 
2 3 2 4 7 1 5 8 3 6 0 
6 1 2 4 7 1 5 8 3 0 6 
3 1 2 4 7 1 5 8 0 3 6 
2 2 0 4 7 1 5 8 2 3 6 
1 1 1 4 7 0 5 8 2 3 6 
2 1 1 4 7 2 5 8 0 3 6 
3 1 1 4 7 2 5 8 3 0 6 
6 1 1 4 7 2 5 8 3 6 0 
33 0.02