0 0 0 6 3 1 5 2 8 7 4 
8 2 8 6 3 1 5 2 0 7 4 
7 1 8 6 3 1 5 2 7 0 4 
4 1 8 6 3 1 5 2 7 4 0 
8 3 0 6 3 1 5 2 7 4 8 
1 1 1 6 3 0 5 2 7 4 8 
5 1 1 6 3 5 0 2 7 4 8 
4 1 1 6 3 5 4 2 7 0 8 
8 1 1 6 3 5 4 2 7 8 0 
7 2 1 6 3 5 4 2 0 8 7 
5 1 1 6 3 0 4 2 5 8 7 
4 1 1 6 3 4 0 2 5 8 7 
2 1 1 6 3 4 2 0 5 8 7 
7 1 1 6 3 4 2 7 5 8 0 
2 3 1 6 3 4 0 7 5 8 2 
7 1 1 6 3 4 7 0 5 8 2 
2 1 1 6 3 4 7 2 5 8 0 
5 2 1 6 3 4 7 2 0 8 5 
7 3 1 6 3 4 0 2 7 8 5 
2 1 1 6 3 4 2 0 7 8 5 
3 1 1 6 0 4 2 3 7 8 5 
6 1 1 0 6 4 2 3 7 8 5 
2 1 1 2 6 4 0 3 7 8 5 
3 1 1 2 6 4 3 0 7 8 5 
6 1 1 2 0 4 3 6 7 8 5 
3 3 1 2 3 4 0 6 7 8 5 
6 1 1 2 3 4 6 0 7 8 5 
5 1 1 2 3 4 6 5 7 8 0 
6 3 1 2 3 4 0 5 7 8 6 
5 1 1 2 3 4 5 0 7 8 6 
6 1 1 2 3 4 5 6 7 8 0 
43 0.17