0 0 3 6 4 8 1 5 2 0 7 
2 1 3 6 4 8 1 5 0 2 7 
3 2 0 6 4 8 1 5 3 2 7 
1 3 1 6 4 8 0 5 3 2 7 
6 1 1 0 4 8 6 5 3 2 7 
4 1 1 4 0 8 6 5 3 2 7 
7 2 1 4 7 8 6 5 3 2 0 
2 1 1 4 7 8 6 5 3 0 2 
6 1 1 4 7 8 0 5 3 6 2 
8 1 1 4 7 0 8 5 3 6 2 
1 1 0 4 7 1 8 5 3 6 2 
8 3 8 4 7 1 0 5 3 6 2 
5 1 8 4 7 1 5 0 3 6 2 
2 1 8 4 7 1 5 2 3 6 0 
8 3 0 4 7 1 5 2 3 6 8 
1 1 1 4 7 0 5 2 3 6 8 
5 1 1 4 7 5 0 2 3 6 8 
2 1 1 4 7 5 2 0 3 6 8 
8 1 1 4 7 5 2 8 3 6 0 
3 2 1 4 7 5 2 8 0 6 3 
2 3 1 4 7 5 0 8 2 6 3 
5 1 1 4 7 0 5 8 2 6 3 
2 1 1 4 7 2 5 8 0 6 3 
3 2 1 4 7 2 5 8 3 6 0 
35 0.07