0 0 8 0 3 7 6 2 4 5 1 
8 1 0 8 3 7 6 2 4 5 1 
1 3 1 8 3 7 6 2 4 5 0 
2 1 1 8 3 7 6 0 4 5 2 
6 1 1 8 3 7 0 6 4 5 2 
7 1 1 8 3 0 7 6 4 5 2 
4 1 1 8 3 4 7 6 0 5 2 
7 3 1 8 3 4 0 6 7 5 2 
8 1 1 0 3 4 8 6 7 5 2 
1 1 0 1 3 4 8 6 7 5 2 
8 3 8 1 3 4 0 6 7 5 2 
5 1 8 1 3 4 5 6 7 0 2 
2 1 8 1 3 4 5 6 7 2 0 
8 3 0 1 3 4 5 6 7 2 8 
1 1 1 0 3 4 5 6 7 2 8 
5 1 1 5 3 4 0 6 7 2 8 
2 1 1 5 3 4 2 6 7 0 8 
8 1 1 5 3 4 2 6 7 8 0 
3 2 1 5 0 4 2 6 7 8 3 
2 3 1 5 2 4 0 6 7 8 3 
5 1 1 0 2 4 5 6 7 8 3 
2 1 1 2 0 4 5 6 7 8 3 
3 2 1 2 3 4 5 6 7 8 0 
34 0.05